270 368 5.000000
141 959 5.000000
110 15 3.000000
110 748 4.000000
110 952 4.000000
110 969 4.000000
293 46 5.000000
317 334 5.000000
317 142 2.000000
62 944 1.000000
338 917 1.000000
105 975 1.000000
2 304 4.000000
331 408 5.000000
331 686 5.000000
331 237 5.000000
351 625 5.000000
52 330 4.000000
367 774 5.000000
303 812 5.000000
168 22 5.000000
227 192 5.000000
227 832 4.000000
227 903 5.000000
227 530 4.000000
227 512 5.000000
31 478 5.000000
277 363 5.000000
277 170 5.000000
277 606 5.000000
228 241 5.000000
24 667 5.000000
236 971 5.000000
236 789 5.000000
236 110 5.000000
236 608 5.000000
94 935 5.000000
94 857 5.000000
94 43 5.000000
163 989 5.000000
81 596 5.000000
302 684 5.000000
302 343 5.000000
92 539 3.000000
184 850 5.000000
184 90 5.000000
411 130 5.000000
411 768 5.000000
18 201 1.000000
199 417 4.000000
182 514 5.000000
140 894 1.000000
140 87 4.000000
140 187 5.000000
99 272 5.000000
58 817 5.000000
10 930 5.000000
112 354 5.000000
297 730 5.000000
69 19 5.000000
90 754 5.000000
420 884 2.000000
365 36 5.000000
299 49 3.000000
299 456 5.000000
54 839 5.000000
40 726 1.000000
315 641 4.000000
172 300 5.000000
362 904 5.000000
335 480 5.000000
276 870 5.000000
276 210 5.000000
273 260 4.000000
289 854 5.000000
152 35 1.000000
115 590 1.000000
115 129 1.000000
318 892 5.000000
221 502 5.000000
221 68 2.000000
221 326 5.000000
221 111 5.000000
221 393 5.000000
221 984 4.000000
221 193 3.000000
221 792 5.000000
221 601 2.000000
345 307 5.000000
240 881 5.000000
240 718 5.000000
207 176 5.000000
161 253 5.000000
161 964 5.000000
161 100 5.000000
402 592 5.000000
401 301 5.000000
401 842 4.000000
106 928 5.000000
106 303 5.000000
106 177 5.000000
106 739 2.000000
129 910 3.000000
134 803 5.000000
422 221 1.000000
422 395 5.000000
268 252 4.000000
146 38 4.000000
15 437 5.000000
287 956 5.000000
287 423 5.000000
287 750 5.000000
287 191 5.000000
287 663 5.000000
287 558 5.000000
376 919 5.000000
285 53 5.000000
407 669 4.000000
407 443 5.000000
407 281 5.000000
108 58 1.000000
108 916 1.000000
239 157 5.000000
239 621 5.000000
342 992 5.000000
342 922 5.000000
342 188 5.000000
342 69 5.000000
342 355 5.000000
342 329 5.000000
342 487 2.000000
342 285 2.000000
342 115 5.000000
342 543 5.000000
342 104 5.000000
342 92 3.000000
342 313 5.000000
342 923 5.000000
342 180 5.000000
342 532 5.000000
360 880 1.000000
33 583 5.000000
298 573 3.000000
412 440 4.000000
80 510 5.000000
65 853 4.000000
278 386 1.000000
234 551 3.000000
282 614 1.000000
282 552 4.000000
282 153 1.000000
38 912 5.000000
123 419 3.000000
224 938 5.000000
281 990 3.000000
281 503 1.000000
6 580 5.000000
291 973 4.000000
421 672 5.000000
26 464 5.000000
229 507 1.000000
120 394 5.000000
388 490 1.000000
388 255 5.000000
388 18 1.000000
189 513 1.000000
153 457 4.000000
153 463 5.000000
336 455 5.000000
336 849 5.000000
336 868 5.000000
336 932 5.000000
166 677 5.000000
166 714 5.000000
166 74 5.000000
166 915 5.000000
166 643 5.000000
166 737 5.000000
166 337 5.000000
166 756 5.000000
178 526 5.000000
178 288 5.000000
178 205 4.000000
178 137 4.000000
398 0 5.000000
349 705 5.000000
385 50 5.000000
264 528 2.000000
264 538 5.000000
149 633 5.000000
149 506 5.000000
70 742 4.000000
70 325 3.000000
363 520 5.000000
363 883 1.000000
363 865 5.000000
363 575 1.000000
372 542 1.000000
96 918 5.000000
156 495 5.000000
185 306 5.000000
393 732 5.000000
343 501 5.000000
230 422 1.000000
144 5 5.000000
314 784 5.000000
314 703 2.000000
314 566 5.000000
314 203 5.000000
314 407 1.000000
314 315 5.000000
314 123 5.000000
211 445 3.000000
67 835 5.000000
262 886 1.000000
347 847 5.000000
118 20 5.000000
78 809 5.000000
154 688 4.000000
74 64 3.000000
74 140 2.000000
322 524 5.000000
188 404 4.000000
188 908 4.000000
93 656 5.000000
93 604 4.000000
93 327 5.000000
205 798 5.000000
205 427 5.000000
205 6 5.000000
205 469 5.000000
158 375 5.000000
249 587 1.000000
249 411 5.000000
249 365 5.000000
48 163 5.000000
301 147 5.000000
95 482 5.000000
95 722 5.000000
95 152 5.000000
95 751 5.000000
150 644 4.000000
150 762 1.000000
150 265 4.000000
150 647 1.000000
150 963 5.000000
150 332 3.000000
30 126 5.000000
30 834 5.000000
30 556 5.000000
30 109 5.000000
254 723 5.000000
254 399 5.000000
254 986 5.000000
256 292 5.000000
28 653 5.000000
215 807 5.000000
404 545 4.000000
400 630 1.000000
45 661 5.000000
164 682 5.000000
353 257 2.000000
157 127 1.000000
210 557 4.000000
210 77 4.000000
210 294 5.000000
210 876 4.000000
210 554 5.000000
210 579 5.000000
210 549 4.000000
210 838 5.000000
210 134 5.000000
210 802 4.000000
210 328 4.000000
210 475 4.000000
210 56 2.000000
340 700 5.000000
209 866 5.000000
324 321 5.000000
174 240 4.000000
174 966 4.000000
174 885 5.000000
174 921 5.000000
174 593 4.000000
174 333 5.000000
174 342 4.000000
174 634 3.000000
174 942 4.000000
174 891 5.000000
174 26 4.000000
64 194 5.000000
64 465 4.000000
260 657 5.000000
260 666 4.000000
358 215 5.000000
248 911 1.000000
306 357 5.000000
53 859 5.000000
53 670 1.000000
397 616 5.000000
137 951 5.000000
137 763 1.000000
137 376 1.000000
325 810 5.000000
23 874 5.000000
23 271 5.000000
23 824 5.000000
23 284 5.000000
23 477 2.000000
23 33 4.000000
36 988 5.000000
36 432 5.000000
36 310 4.000000
36 799 4.000000
368 270 5.000000
368 91 5.000000
71 780 5.000000
61 755 5.000000
61 676 5.000000
350 83 2.000000
218 302 5.000000
145 753 5.000000
243 322 5.000000
247 299 5.000000
247 651 5.000000
173 269 2.000000
173 474 5.000000
11 787 5.000000
142 767 5.000000
142 94 5.000000
142 683 5.000000
142 467 4.000000
142 655 5.000000
98 818 1.000000
244 771 4.000000
304 2 5.000000
320 358 5.000000
320 254 5.000000
348 213 5.000000
107 179 4.000000
107 711 4.000000
56 957 5.000000
308 426 5.000000
308 244 4.000000
308 178 5.000000
29 775 5.000000
191 481 5.000000
191 981 5.000000
415 985 5.000000
415 280 3.000000
415 861 5.000000
415 81 5.000000
43 199 5.000000
4 576 5.000000
333 671 5.000000
294 286 5.000000
197 182 5.000000
344 227 5.000000
102 397 5.000000
341 73 5.000000
341 14 5.000000
220 206 1.000000
175 72 5.000000
175 960 3.000000
175 391 5.000000
272 314 5.000000
272 574 4.000000
403 61 5.000000
241 588 2.000000
259 369 3.000000
384 208 5.000000
384 382 3.000000
384 654 5.000000
406 356 5.000000
39 276 4.000000
395 186 5.000000
395 479 5.000000
113 555 3.000000
113 887 1.000000
113 598 4.000000
113 214 4.000000
113 211 5.000000
42 472 5.000000
63 869 5.000000
63 402 5.000000
63 40 4.000000
63 716 5.000000
63 933 4.000000
63 454 3.000000
63 350 3.000000
63 929 4.000000
63 230 3.000000
63 864 1.000000
63 84 3.000000
63 424 5.000000
63 578 5.000000
63 825 5.000000
63 256 2.000000
63 974 5.000000
63 638 5.000000
63 25 5.000000
76 99 5.000000
386 75 5.000000
269 44 5.000000
46 108 4.000000
387 546 2.000000
59 113 5.000000
414 460 5.000000
414 844 4.000000
321 462 5.000000
321 800 5.000000
321 822 5.000000
321 136 5.000000
192 466 4.000000
192 385 4.000000
192 297 3.000000
100 631 1.000000
169 430 5.000000
135 156 5.000000
194 323 3.000000
235 346 4.000000
235 882 4.000000
251 383 2.000000
203 820 5.000000
37 388 5.000000
257 914 5.000000
257 765 5.000000
124 459 5.000000
124 319 5.000000
139 158 5.000000
27 78 1.000000
27 640 5.000000
27 164 5.000000
27 770 5.000000
27 207 5.000000
27 305 5.000000
27 143 5.000000
396 517 5.000000
396 262 5.000000
396 537 4.000000
396 687 5.000000
396 144 5.000000
396 425 5.000000
396 434 2.000000
396 773 2.000000
396 96 5.000000
396 371 5.000000
396 987 5.000000
396 845 2.000000
396 246 3.000000
396 905 5.000000
396 518 5.000000
327 389 3.000000
327 693 5.000000
339 858 5.000000
283 806 4.000000
9 778 5.000000
352 172 1.000000
352 95 1.000000
352 508 5.000000
352 28 5.000000
352 941 3.000000
352 344 3.000000
352 283 2.000000
352 444 2.000000
352 433 1.000000
352 727 2.000000
352 873 5.000000
217 442 4.000000
217 788 5.000000
217 185 5.000000
217 450 5.000000
217 764 4.000000
416 568 5.000000
416 154 5.000000
416 448 4.000000
416 381 5.000000
416 204 3.000000
416 766 4.000000
416 97 3.000000
416 414 4.000000
417 339 5.000000
214 943 5.000000
214 200 5.000000
148 623 5.000000
200 841 3.000000
147 196 5.000000
266 349 5.000000
307 398 5.000000
307 893 3.000000
307 924 1.000000
377 275 5.000000
369 790 2.000000
286 228 4.000000
57 420 5.000000
57 401 4.000000
177 215 5.000000
231 862 5.000000
22 141 5.000000
334 595 5.000000
68 553 5.000000
275 967 5.000000
275 777 5.000000
275 697 5.000000
275 34 5.000000
275 701 5.000000
275 372 4.000000
275 531 4.000000
246 527 1.000000
75 728 5.000000
101 500 5.000000
170 980 5.000000
170 936 5.000000
122 665 5.000000
122 105 4.000000
245 245 5.000000
245 690 5.000000
364 991 5.000000
364 366 5.000000
364 540 1.000000
136 948 1.000000
136 149 1.000000
313 907 5.000000
252 24 5.000000
356 674 5.000000
82 23 5.000000
82 60 5.000000
82 965 5.000000
82 622 5.000000
82 453 5.000000
82 696 5.000000
82 821 5.000000
82 102 5.000000
258 931 5.000000
258 721 1.000000
258 523 2.000000
258 148 1.000000
186 939 4.000000
292 491 5.000000
179 901 5.000000
179 678 3.000000
179 913 3.000000
328 103 5.000000
328 235 4.000000
328 710 5.000000
328 174 5.000000
328 559 2.000000
328 289 1.000000
88 704 5.000000
226 291 5.000000
130 594 5.000000
130 645 5.000000
196 888 1.000000
13 628 5.000000
279 352 5.000000
195 977 5.000000
195 340 5.000000
195 312 2.000000
195 615 2.000000
195 509 5.000000
195 93 5.000000
195 828 5.000000
195 429 4.000000
195 626 5.000000
195 451 5.000000
195 181 5.000000
195 694 2.000000
195 80 1.000000
195 353 4.000000
195 525 5.000000
195 48 4.000000
176 379 5.000000
176 961 5.000000
305 776 5.000000
143 906 4.000000
143 122 4.000000
8 837 5.000000
14 483 1.000000
181 597 3.000000
354 431 5.000000
354 1 5.000000
378 561 4.000000
378 461 5.000000
378 17 5.000000
405 927 4.000000
160 4 1.000000
12 729 4.000000
12 13 5.000000
12 920 4.000000
12 618 5.000000
12 120 5.000000
12 132 5.000000
12 76 5.000000
12 749 5.000000
12 317 5.000000
12 239 5.000000
12 428 2.000000
12 112 5.000000
12 745 5.000000
12 639 5.000000
12 135 4.000000
12 877 5.000000
12 377 5.000000
12 697 5.000000
12 816 4.000000
12 925 4.000000
12 814 5.000000
12 536 4.000000
180 624 5.000000
370 541 4.000000
103 769 4.000000
103 39 4.000000
103 278 4.000000
103 679 1.000000
310 361 3.000000
114 409 4.000000
114 879 4.000000
114 731 3.000000
419 613 5.000000
419 218 1.000000
419 320 3.000000
126 895 5.000000
126 232 5.000000
126 577 5.000000
126 248 3.000000
126 216 4.000000
126 52 4.000000
126 605 5.000000
126 441 5.000000
126 183 5.000000
126 336 3.000000
126 446 5.000000
126 548 4.000000
126 468 5.000000
126 471 3.000000
133 709 5.000000
109 217 4.000000
109 266 5.000000
109 145 4.000000
109 648 5.000000
109 831 5.000000
109 162 5.000000
109 804 4.000000
109 664 4.000000
109 706 4.000000
109 875 5.000000
35 746 5.000000
309 949 5.000000
309 708 5.000000
309 519 4.000000
309 16 4.000000
309 410 5.000000
309 341 5.000000
309 685 3.000000
309 620 3.000000
309 380 4.000000
309 717 4.000000
309 12 4.000000
84 689 5.000000
84 976 5.000000
84 458 5.000000
84 9 5.000000
284 89 5.000000
390 155 5.000000
390 119 5.000000
390 54 5.000000
390 979 5.000000
390 497 5.000000
390 602 5.000000
390 405 5.000000
390 488 5.000000
390 909 5.000000
390 308 5.000000
390 70 5.000000
131 436 5.000000
131 562 5.000000
131 852 5.000000
323 3 5.000000
159 264 5.000000
261 250 5.000000
261 636 5.000000
261 55 5.000000
261 550 5.000000
261 65 1.000000
261 21 2.000000
261 212 3.000000
261 695 5.000000
261 715 5.000000
261 805 4.000000
261 785 5.000000
261 296 2.000000
261 733 4.000000
261 392 4.000000
261 504 4.000000
41 82 1.000000
359 88 2.000000
379 116 1.000000
374 581 5.000000
374 637 4.000000
374 439 5.000000
374 582 5.000000
374 484 5.000000
374 418 5.000000
374 98 5.000000
374 511 4.000000
374 744 5.000000
374 335 4.000000
242 534 1.000000
242 699 5.000000
355 801 5.000000
355 224 5.000000
355 505 5.000000
300 627 5.000000
300 273 5.000000
300 970 5.000000
300 378 5.000000
300 447 5.000000
171 635 3.000000
171 231 3.000000
171 62 4.000000
250 797 4.000000
250 668 5.000000
72 945 5.000000
72 660 5.000000
380 860 5.000000
380 166 5.000000
380 27 5.000000
380 897 5.000000
237 902 3.000000
280 570 4.000000
225 642 5.000000
225 309 1.000000
225 406 3.000000
225 493 4.000000
225 226 2.000000
413 563 5.000000
383 106 5.000000
32 234 5.000000
213 560 3.000000
86 107 4.000000
77 86 4.000000
399 611 5.000000
25 173 5.000000
25 57 5.000000
25 37 4.000000
25 813 5.000000
25 793 1.000000
25 59 3.000000
25 547 1.000000
25 348 5.000000
25 599 5.000000
25 452 5.000000
25 11 5.000000
25 118 5.000000
25 331 5.000000
25 962 4.000000
25 610 5.000000
25 950 1.000000
25 351 2.000000
25 691 4.000000
25 413 3.000000
25 8 5.000000
25 318 4.000000
25 293 4.000000
25 659 1.000000
25 617 4.000000
25 565 5.000000
25 438 1.000000
25 316 1.000000
25 133 1.000000
25 829 5.000000
25 359 5.000000
25 42 5.000000
25 168 5.000000
25 658 5.000000
1 808 5.000000
119 498 5.000000
119 128 5.000000
119 243 1.000000
119 213 5.000000
119 79 5.000000
119 571 5.000000
267 632 5.000000
222 373 5.000000
337 720 5.000000
337 220 2.000000
60 719 5.000000
60 496 4.000000
49 589 3.000000
7 45 5.000000
7 867 5.000000
7 734 5.000000
7 840 5.000000
7 650 5.000000
7 347 4.000000
7 851 5.000000
7 940 5.000000
7 274 5.000000
7 473 4.000000
7 741 5.000000
7 586 5.000000
7 160 3.000000
7 139 1.000000
7 121 5.000000
7 607 5.000000
7 165 5.000000
7 259 5.000000
7 836 1.000000
7 150 4.000000
7 747 5.000000
7 197 5.000000
7 238 5.000000
7 400 5.000000
7 146 5.000000
394 436 4.000000
3 898 4.000000
409 584 5.000000
409 760 5.000000
409 225 5.000000
409 47 5.000000
409 783 5.000000
253 572 1.000000
193 791 4.000000
193 846 4.000000
162 202 5.000000
361 169 5.000000
66 522 5.000000
66 167 5.000000
366 258 5.000000
366 871 3.000000
201 535 5.000000
201 387 5.000000
201 101 5.000000
206 85 5.000000
206 692 5.000000
128 41 5.000000
381 781 5.000000
381 189 5.000000
381 30 5.000000
418 725 1.000000
111 673 5.000000
329 752 5.000000
212 564 5.000000
138 823 5.000000
392 190 2.000000
0 738 3.000000
155 449 3.000000
296 364 5.000000
16 796 3.000000
127 476 2.000000
116 261 5.000000
116 698 5.000000
116 435 5.000000
116 391 5.000000
44 567 3.000000
44 740 3.000000
44 826 5.000000
165 367 1.000000
5 421 5.000000
91 277 5.000000
91 878 3.000000
91 516 5.000000
271 585 5.000000
271 486 5.000000
271 712 4.000000
271 338 3.000000
271 702 4.000000
271 662 5.000000
382 899 4.000000
216 713 1.000000
330 652 5.000000
330 521 5.000000
330 233 5.000000
373 175 5.000000
373 222 4.000000
373 360 5.000000
373 247 5.000000
373 757 3.000000
34 761 5.000000
34 896 5.000000
34 171 5.000000
34 612 1.000000
34 983 4.000000
34 843 5.000000
34 515 5.000000
410 779 5.000000
312 743 5.000000
312 362 5.000000
89 324 5.000000
19 735 5.000000
19 374 3.000000
19 680 4.000000
50 138 4.000000
85 819 5.000000
265 953 5.000000
265 198 5.000000
265 786 3.000000
408 649 4.000000
408 489 4.000000
73 958 4.000000
151 290 5.000000
151 856 5.000000
255 159 1.000000
121 63 5.000000
104 236 5.000000
17 412 1.000000
17 947 5.000000
17 32 4.000000
202 619 1.000000
389 131 5.000000
204 759 5.000000
204 298 5.000000
204 591 4.000000
204 782 5.000000
204 827 1.000000
97 855 5.000000
97 268 4.000000
167 415 5.000000
117 772 5.000000
117 600 5.000000
117 249 5.000000
117 29 5.000000
117 71 1.000000
117 982 5.000000
117 492 5.000000
117 946 5.000000
117 370 5.000000
117 494 5.000000
117 184 5.000000
117 724 5.000000
117 117 5.000000
117 889 5.000000
117 10 5.000000
117 66 5.000000
117 195 5.000000
117 533 5.000000
132 403 2.000000
21 279 5.000000
288 416 5.000000
219 968 1.000000
311 485 5.000000
311 544 3.000000
311 287 3.000000
311 569 4.000000
375 67 5.000000
83 209 5.000000
295 707 5.000000
295 890 4.000000
371 51 1.000000
190 811 5.000000
190 263 5.000000
190 470 3.000000
190 675 4.000000
190 229 4.000000
316 955 5.000000
274 872 3.000000
319 824 5.000000
319 603 5.000000
319 863 4.000000
20 795 5.000000
20 609 5.000000
198 242 5.000000
391 223 5.000000
232 794 5.000000
332 681 5.000000
326 151 5.000000
238 848 4.000000
238 390 4.000000
238 736 5.000000
208 827 4.000000
263 978 1.000000
47 758 5.000000
223 815 5.000000
223 125 5.000000
223 629 5.000000
223 396 5.000000
223 830 3.000000
223 161 1.000000
55 345 5.000000
87 954 5.000000
87 282 5.000000
187 646 1.000000
79 937 4.000000
79 7 4.000000
51 529 5.000000
51 124 5.000000
125 267 4.000000
357 219 4.000000
357 934 2.000000
357 311 4.000000
233 114 5.000000
233 251 4.000000
346 926 5.000000
346 295 5.000000
290 31 1.000000
183 972 5.000000
183 384 4.000000
183 833 4.000000
183 499 5.000000
183 900 4.000000
